±¸¹Ì°ü¸Áµµ TEST v3
Network Table - Nodes
                        	Elevation       	Base Demand     	Initial Quality 	Demand          	Head            	Pressure        	Quality         
 Node ID                	m               	CMD             	                	CMD             	m               	m               	                
Junc A084               	10.00           	0               	0               	0.00            	100.00          	90.00           	0.00            
Junc A092               	10.00           	0               	0               	0.00            	100.00          	90.00           	0.00            
Junc A094               	10.00           	0               	0               	0.00            	100.00          	90.00           	0.00            
Junc A095               	10.00           	0               	0               	0.00            	100.00          	90.00           	0.00            
Junc A096               	10.00           	0               	0               	0.00            	100.00          	90.00           	0.00            
Junc A097               	10.00           	0               	0               	0.00            	100.00          	90.00           	0.00            
Junc A098               	10.00           	0               	0               	0.00            	100.00          	90.00           	0.00            
Junc A099               	10.00           	0               	0               	0.00            	100.00          	90.00           	0.00            
Junc A100               	10.00           	0               	0               	0.00            	100.00          	90.00           	0.00            
Junc A101               	10.00           	0               	0               	0.00            	100.00          	90.00           	0.00            
Junc A102               	10.00           	0               	0               	0.00            	100.00          	90.00           	0.00            
Junc A103               	10.00           	0               	0               	0.00            	100.00          	90.00           	0.00            
Junc A104               	10.00           	0               	0               	0.00            	100.00          	90.00           	0.00            
Junc A105               	10.00           	0               	0               	0.00            	100.00          	90.00           	0.00            
Junc A106               	10.00           	0               	0               	0.00            	100.00          	90.00           	0.00            
Junc A107               	10.00           	0               	0               	0.00            	100.00          	90.00           	0.00            
Junc A108               	10.00           	0               	0               	0.00            	100.00          	90.00           	0.00            
Junc A109               	10.00           	0               	0               	0.00            	100.00          	90.00           	0.00            
Junc A111               	10.00           	0               	0               	0.00            	100.00          	90.00           	0.00            
Junc A112               	10.00           	0               	0               	0.00            	100.00          	90.00           	0.00            
Junc A113               	10.00           	0               	0               	0.00            	100.00          	90.00           	0.00            
Junc A114               	10.00           	0               	0               	0.00            	100.00          	90.00           	0.00            
Junc A115               	10.00           	0               	0               	0.00            	100.00          	90.00           	0.00            
Junc A116               	10.00           	0               	0               	0.00            	100.00          	90.00           	0.00            
Junc A117               	10.00           	0               	0               	0.00            	100.00          	90.00           	0.00            
Junc A118               	10.00           	0               	0               	0.00            	100.00          	90.00           	0.00            
Junc A119               	10.00           	0               	0               	0.00            	100.00          	90.00           	0.00            
Junc A120               	10.00           	0               	0               	0.00            	100.00          	90.00           	0.00            
Junc A121               	10.00           	0               	0               	0.00            	100.00          	90.00           	0.00            
Junc A122               	10.00           	0               	0               	0.00            	100.00          	90.00           	0.00            
Junc A123               	10.00           	0               	0               	0.00            	100.00          	90.00           	0.00            
Junc A124               	10.00           	0               	0               	0.00            	100.00          	90.00           	0.00            
Junc A125               	10.00           	0               	0               	0.00            	100.00          	90.00           	0.00            
Junc A126               	10.00           	0               	0               	0.00            	100.00          	90.00           	0.00            
Junc A127               	10.00           	0               	0               	0.00            	100.00          	90.00           	0.00            
Junc A128               	10.00           	0               	0               	0.00            	100.00          	90.00           	0.00            
Junc A129               	10.00           	0               	0               	0.00            	100.00          	90.00           	0.00            
Junc A130               	10.00           	0               	0               	0.00            	100.00          	90.00           	0.00            
Junc A133               	10.00           	0               	0               	0.00            	100.00          	90.00           	0.00            
Junc A134               	10.00           	0               	0               	0.00            	100.00          	90.00           	0.00            
Junc A134A              	10.00           	0               	0               	0.00            	100.00          	90.00           	0.00            
Junc A135               	10.00           	0               	0               	0.00            	100.00          	90.00           	0.00            
Junc A135A              	10.00           	0               	0               	0.00            	100.00          	90.00           	0.00            
Junc A136               	10.00           	0               	0               	0.00            	100.00          	90.00           	0.00            
Junc A137               	10.00           	0               	0               	0.00            	100.00          	90.00           	0.00            
Junc A138               	10.00           	0               	0               	0.00            	100.00          	90.00           	0.00            
Junc A139               	10.00           	0               	0               	0.00            	100.00          	90.00           	0.00            
Junc A142               	10.00           	0               	0               	0.00            	100.00          	90.00           	0.00            
Junc A142A              	10.00           	0               	0               	0.00            	100.00          	90.00           	0.00            
Junc A143               	10.00           	0               	0               	0.00            	100.00          	90.00           	0.00            
Junc A144               	10.00           	0               	0               	0.00            	100.00          	90.00           	0.00            
Junc A145               	10.00           	0               	0               	0.00            	100.00          	90.00           	0.00            
Junc A145A              	10.00           	0               	0               	0.00            	100.00          	90.00           	0.00            
Junc A146               	10.00           	0               	0               	0.00            	100.00          	90.00           	0.00            
Junc A147               	10.00           	0               	0               	0.00            	100.00          	90.00           	0.00            
Junc A148               	10.00           	0               	0               	0.00            	100.00          	90.00           	0.00            
Junc A154               	10.00           	0               	0               	0.00            	100.00          	90.00           	0.00            
Junc A156               	10.00           	0               	0               	0.00            	100.00          	90.00           	0.00            
Junc A157               	10.00           	0               	0               	0.00            	100.00          	90.00           	0.00            
Junc A158               	10.00           	0               	0               	0.00            	100.00          	90.00           	0.00            
Junc A159               	10.00           	0               	0               	0.00            	100.00          	90.00           	0.00            
Junc A160               	10.00           	0               	0               	0.00            	100.00          	90.00           	0.00            
Junc A160A              	10.00           	0               	0               	0.00            	100.00          	90.00           	0.00            
Junc A162               	10.00           	0               	0               	0.00            	100.00          	90.00           	0.00            
Junc A162A              	10.00           	0               	0               	0.00            	100.00          	90.00           	0.00            
Junc A163               	10.00           	0               	0               	0.00            	100.00          	90.00           	0.00            
Junc A165               	10.00           	0               	0               	0.00            	100.00          	90.00           	0.00            
Junc A165A              	10.00           	0               	0               	0.00            	100.00          	90.00           	0.00            
Junc A166A              	10.00           	0               	0               	0.00            	100.00          	90.00           	0.00            
Junc A167               	10.00           	0               	0               	0.00            	100.00          	90.00           	0.00            
Junc A167A              	10.00           	0               	0               	0.00            	100.00          	90.00           	0.00            
Junc A168               	10.00           	0               	0               	0.00            	100.00          	90.00           	0.00            
Junc A169               	10.00           	0               	0               	0.00            	100.00          	90.00           	0.00            
Junc A169A              	10.00           	0               	0               	0.00            	100.00          	90.00           	0.00            
Junc A170               	10.00           	0               	0               	0.00            	100.00          	90.00           	0.00            
Junc A170A              	10.00           	0               	0               	0.00            	100.00          	90.00           	0.00            
Junc A171               	10.00           	0               	0               	0.00            	100.00          	90.00           	0.00            
Junc A172               	10.00           	0               	0               	0.00            	100.00          	90.00           	0.00            
Junc A172A              	10.00           	0               	0               	0.00            	100.00          	90.00           	0.00            
Junc A173               	10.00           	0               	0               	0.00            	100.00          	90.00           	0.00            
Junc A174               	10.00           	0               	0               	0.00            	100.00          	90.00           	0.00            
Junc A174A              	10.00           	0               	0               	0.00            	100.00          	90.00           	0.00            
Junc A175               	10.00           	0               	0               	0.00            	100.00          	90.00           	0.00            
Junc A175-1             	10.00           	0               	0               	0.00            	100.00          	90.00           	0.00            
Junc A176               	10.00           	0               	0               	0.00            	100.00          	90.00           	0.00            
Junc A176-2             	10.00           	0               	0               	0.00            	100.00          	90.00           	0.00            
Junc A176A              	10.00           	0               	0               	0.00            	100.00          	90.00           	0.00            
Junc B001               	10.00           	0               	0               	0.00            	100.00          	90.00           	0.00            
Junc B002               	10.00           	0               	0               	0.00            	100.00          	90.00           	0.00            
Junc B003               	10.00           	0               	0               	0.00            	100.00          	90.00           	0.00            
Junc B004               	10.00           	0               	0               	0.00            	100.00          	90.00           	0.00            
Junc B005               	10.00           	0               	0               	0.00            	100.00          	90.00           	0.00            
Junc B006               	10.00           	0               	0               	0.00            	100.00          	90.00           	0.00            
Junc B007               	10.00           	0               	0               	0.00            	100.00          	90.00           	0.00            
Junc B008               	10.00           	0               	0               	0.00            	100.00          	90.00           	0.00            
Junc B009               	10.00           	0               	0               	0.00            	100.00          	90.00           	0.00            
Junc B010               	10.00           	0               	0               	0.00            	100.00          	90.00           	0.00            
Junc B011               	10.00           	0               	0               	0.00            	100.00          	90.00           	0.00            
Junc B012               	10.00           	0               	0               	0.00            	100.00          	90.00           	0.00            
Junc B013               	10.00           	0               	0               	0.00            	100.00          	90.00           	0.00            
Junc B014               	10.00           	0               	0               	0.00            	100.00          	90.00           	0.00            
Junc B015               	10.00           	0               	0               	0.00            	100.00          	90.00           	0.00            
Junc B016               	10.00           	0               	0               	0.00            	100.00          	90.00           	0.00            
Junc B017               	10.00           	0               	0               	0.00            	100.00          	90.00           	0.00            
Junc B018               	10.00           	0               	0               	0.00            	100.00          	90.00           	0.00            
Junc B019               	10.00           	0               	0               	0.00            	100.00          	90.00           	0.00            
Junc B020               	10.00           	0               	0               	0.00            	100.00          	90.00           	0.00            
Junc B021               	10.00           	0               	0               	0.00            	100.00          	90.00           	0.00            
Junc B022               	10.00           	0               	0               	0.00            	100.00          	90.00           	0.00            
Junc B023               	10.00           	0               	0               	0.00            	100.00          	90.00           	0.00            
Junc B024               	10.00           	0               	0               	0.00            	100.00          	90.00           	0.00            
Junc B025               	10.00           	0               	0               	0.00            	100.00          	90.00           	0.00            
Junc B026               	10.00           	0               	0               	0.00            	100.00          	90.00           	0.00            
Junc B027               	10.00           	0               	0               	0.00            	100.00          	90.00           	0.00            
Junc B028               	10.00           	0               	0               	0.00            	100.00          	90.00           	0.00            
Junc B029               	10.00           	0               	0               	0.00            	100.00          	90.00           	0.00            
Junc B030               	10.00           	0               	0               	0.00            	100.00          	90.00           	0.00            
Junc B031               	10.00           	0               	0               	0.00            	100.00          	90.00           	0.00            
Junc B032               	10.00           	0               	0               	0.00            	100.00          	90.00           	0.00            
Junc B053               	10.00           	0               	0               	0.00            	100.00          	90.00           	0.00            
Junc B054               	10.00           	0               	0               	0.00            	100.00          	90.00           	0.00            
Junc B055               	10.00           	0               	0               	0.00            	100.00          	90.00           	0.00            
Junc B058               	10.00           	0               	0               	0.00            	100.00          	90.00           	0.00            
Junc B059               	10.00           	0               	0               	0.00            	100.00          	90.00           	0.00            
Junc B060               	10.00           	0               	0               	0.00            	100.00          	90.00           	0.00            
Junc B061               	10.00           	0               	0               	0.00            	100.00          	90.00           	0.00            
Junc B062               	10.00           	0               	0               	0.00            	100.00          	90.00           	0.00            
Junc B063               	10.00           	0               	0               	0.00            	100.00          	90.00           	0.00            
Junc B064               	10.00           	0               	0               	0.00            	100.00          	90.00           	0.00            
Junc B065               	10.00           	0               	0               	0.00            	100.00          	90.00           	0.00            
Junc B101               	10.00           	0               	0               	0.00            	100.00          	90.00           	0.00            
Junc B102               	10.00           	0               	0               	0.00            	100.00          	90.00           	0.00            
Junc B103               	10.00           	0               	0               	0.00            	100.00          	90.00           	0.00            
Junc B104               	10.00           	0               	0               	0.00            	100.00          	90.00           	0.00            
Junc B105               	10.00           	0               	0               	0.00            	100.00          	90.00           	0.00            
Junc B106               	10.00           	0               	0               	0.00            	100.00          	90.00           	0.00            
Junc B107               	10.00           	0               	0               	0.00            	100.00          	90.00           	0.00            
Junc B108               	10.00           	0               	0               	0.00            	100.00          	90.00           	0.00            
Junc B109               	10.00           	0               	0               	0.00            	100.00          	90.00           	0.00            
Junc B110               	10.00           	0               	0               	0.00            	100.00          	90.00           	0.00            
Junc B111               	10.00           	0               	0               	0.00            	100.00          	90.00           	0.00            
Junc B112               	10.00           	0               	0               	0.00            	100.00          	90.00           	0.00            
Junc B113               	10.00           	0               	0               	0.00            	100.00          	90.00           	0.00            
Junc B114               	10.00           	0               	0               	0.00            	100.00          	90.00           	0.00            
Junc B115               	10.00           	0               	0               	0.00            	100.00          	90.00           	0.00            
Junc B116               	10.00           	0               	0               	0.00            	100.00          	90.00           	0.00            
Junc B117               	10.00           	0               	0               	0.00            	100.00          	90.00           	0.00            
Junc B118               	10.00           	0               	0               	0.00            	100.00          	90.00           	0.00            
Junc B201               	10.00           	0               	0               	0.00            	100.00          	90.00           	0.00            
Junc B202               	10.00           	0               	0               	0.00            	100.00          	90.00           	0.00            
Junc B203               	10.00           	0               	0               	0.00            	100.00          	90.00           	0.00            
Junc B204               	10.00           	0               	0               	0.00            	100.00          	90.00           	0.00            
Junc B205               	10.00           	0               	0               	0.00            	100.00          	90.00           	0.00            
Junc B206               	10.00           	0               	0               	0.00            	100.00          	90.00           	0.00            
Junc B207               	10.00           	0               	0               	0.00            	100.00          	90.00           	0.00            
Junc B208               	10.00           	0               	0               	0.00            	100.00          	90.00           	0.00            
Junc B209               	10.00           	0               	0               	0.00            	100.00          	90.00           	0.00            
Junc B210               	10.00           	0               	0               	0.00            	100.00          	90.00           	0.00            
Junc B301               	10.00           	0               	0               	0.00            	100.00          	90.00           	0.00            
Junc B302               	10.00           	0               	0               	0.00            	100.00          	90.00           	0.00            
Junc B303               	10.00           	0               	0               	0.00            	100.00          	90.00           	0.00            
Junc B304               	10.00           	0               	0               	0.00            	100.00          	90.00           	0.00            
Junc B305               	10.00           	0               	0               	0.00            	100.00          	90.00           	0.00            
Junc B306               	10.00           	0               	0               	0.00            	100.00          	90.00           	0.00            
Junc B307               	10.00           	0               	0               	0.00            	100.00          	90.00           	0.00            
Junc B308               	10.00           	0               	0               	0.00            	100.00          	90.00           	0.00            
Junc B309               	10.00           	0               	0               	0.00            	100.00          	90.00           	0.00            
Junc B310               	10.00           	0               	0               	0.00            	100.00          	90.00           	0.00            
Junc B311               	10.00           	0               	0               	0.00            	100.00          	90.00           	0.00            
Junc B312               	10.00           	0               	0               	0.00            	100.00          	90.00           	0.00            
Junc B313               	10.00           	0               	0               	0.00            	100.00          	90.00           	0.00            
Junc B314               	10.00           	0               	0               	0.00            	100.00          	90.00           	0.00            
Junc B315               	10.00           	0               	0               	0.00            	100.00          	90.00           	0.00            
Junc B316               	10.00           	0               	0               	0.00            	100.00          	90.00           	0.00            
Junc B317               	10.00           	0               	0               	0.00            	100.00          	90.00           	0.00            
Junc B318               	10.00           	0               	0               	0.00            	100.00          	90.00           	0.00            
Junc B319               	10.00           	0               	0               	0.00            	100.00          	90.00           	0.00            
Junc B320               	10.00           	0               	0               	0.00            	100.00          	90.00           	0.00            
Junc B321               	10.00           	0               	0               	0.00            	100.00          	90.00           	0.00            
Junc B322               	10.00           	0               	0               	0.00            	100.00          	90.00           	0.00            
Junc B323               	10.00           	0               	0               	0.00            	100.00          	90.00           	0.00            
Junc B324               	10.00           	0               	0               	0.00            	100.00          	90.00           	0.00            
Junc B325               	10.00           	0               	0               	0.00            	100.00          	90.00           	0.00            
Junc B326               	10.00           	0               	0               	0.00            	100.00          	90.00           	0.00            
Junc B327               	10.00           	0               	0               	0.00            	100.00          	90.00           	0.00            
Junc B328               	10.00           	0               	0               	0.00            	100.00          	90.00           	0.00            
Junc B329               	10.00           	0               	0               	0.00            	100.00          	90.00           	0.00            
Junc B330               	10.00           	0               	0               	0.00            	100.00          	90.00           	0.00            
Junc B331               	10.00           	0               	0               	0.00            	100.00          	90.00           	0.00            
Junc B332               	10.00           	0               	0               	0.00            	100.00          	90.00           	0.00            
Junc B333               	10.00           	0               	0               	0.00            	100.00          	90.00           	0.00            
Junc B334               	10.00           	0               	0               	0.00            	100.00          	90.00           	0.00            
Junc B335               	10.00           	0               	0               	0.00            	100.00          	90.00           	0.00            
Junc B336               	10.00           	0               	0               	0.00            	100.00          	90.00           	0.00            
Junc B337               	10.00           	0               	0               	0.00            	100.00          	90.00           	0.00            
Junc B338               	10.00           	0               	0               	0.00            	100.00          	90.00           	0.00            
Junc B339               	10.00           	0               	0               	0.00            	100.00          	90.00           	0.00            
Junc B340               	10.00           	0               	0               	0.00            	100.00          	90.00           	0.00            
Junc B341               	10.00           	0               	0               	0.00            	100.00          	90.00           	0.00            
Junc B342               	10.00           	0               	0               	0.00            	100.00          	90.00           	0.00            
Junc B343               	10.00           	0               	0               	0.00            	100.00          	90.00           	0.00            
Junc B344               	10.00           	0               	0               	0.00            	100.00          	90.00           	0.00            
Junc B401               	10.00           	0               	0               	0.00            	100.00          	90.00           	0.00            
Junc B402               	10.00           	0               	0               	0.00            	100.00          	90.00           	0.00            
Junc B403               	10.00           	0               	0               	0.00            	100.00          	90.00           	0.00            
Junc B404               	10.00           	0               	0               	0.00            	100.00          	90.00           	0.00            
Junc B405               	10.00           	0               	0               	0.00            	100.00          	90.00           	0.00            
Junc B406               	10.00           	0               	0               	0.00            	100.00          	90.00           	0.00            
Junc B407               	10.00           	0               	0               	0.00            	100.00          	90.00           	0.00            
Junc B408               	10.00           	0               	0               	0.00            	100.00          	90.00           	0.00            
Junc B409               	10.00           	0               	0               	0.00            	100.00          	90.00           	0.00            
Junc B410               	10.00           	0               	0               	0.00            	100.00          	90.00           	0.00            
Junc B411               	10.00           	0               	0               	0.00            	100.00          	90.00           	0.00            
Junc B412               	10.00           	0               	0               	0.00            	100.00          	90.00           	0.00            
Resvr 1                 	100.00          	#N/A            	0               	0.00            	100.00          	0.00            	0.00            
